%YAML:1.0
---
camera_matrix: !!opencv-matrix
   rows: 3
   cols: 3
   dt: d
   data: [ 503.47381662675889, 0., 346.79021896974194, 0.,
       503.70770338388968, 232.9758469354521, 0., 0., 1. ]
dist_coeffs: !!opencv-matrix
   rows: 1
   cols: 5
   dt: d
   data: [ 0.11285428884508475, 0.30317570893055212,
       0.0012493775716519769, -0.0030861533234797208,
       -1.7742395424002941 ]
